1 1 184 2
1 1 29 2
1 1 31 2
1 1 12 3
1 1 51 3
1 1 102 3
1 1 13 4
1 1 14 4
1 1 15 4
1 1 57 2
1 1 378 2
1 1 859 2
1 1 185 3
1 1 30 3
1 1 37 3
1 1 52 4
1 1 142 4
1 1 195 4
1 1 875 2
1 1 56 3
1 1 66 3
1 1 95 3
1 1 462 4
1 1 497 3
1 1 858 3
1 1 876 3
1 1 879 3
1 1 880 3
1 0 486 -1
2 1 12 1
2 1 15 2
2 1 184 2
2 1 858 2
2 1 51 3
2 1 102 3
2 1 202 3
2 1 14 4
2 1 52 4
2 1 380 4
2 1 746 1
2 1 859 2
2 1 948 2
2 1 285 3
2 1 390 3
2 1 391 3
2 1 442 4
2 1 497 3
2 1 643 3
2 1 856 3
2 1 857 3
2 1 877 3
2 1 864 3
2 1 658 3
2 0 486 -1
3 1 5 3
3 1 6 3
3 1 90 3
3 1 91 3
3 1 119 3
3 1 144 3
3 1 181 3
3 1 399 3
3 0 485 -1
4 1 236 3
4 1 166 3
4 0 488 -1
5 1 552 1
5 1 401 3
5 1 1297 3
5 1 1296 1
5 0 488 -1
6 1 99 2
6 1 115 3
6 1 257 3
6 1 258 3
6 0 491 -1
7 1 20 2
7 1 56 3
7 1 57 3
7 1 58 3
7 1 19 4
7 0 492 -1
8 1 48 1
8 1 122 1
8 1 20 3
8 1 58 3
8 1 196 3
8 1 354 1
8 1 360 1
8 1 197 3
8 1 999 3
8 1 1112 3
8 1 1005 1
8 0 492 -1
9 1 21 2
9 1 22 2
9 1 550 2
9 0 534 -1
10 1 259 2
10 1 405 2
10 1 302 3
10 1 436 3
10 1 437 3
10 1 438 3
10 1 998 3
10 1 1011 3
10 0 493 -1
11 1 27 3
11 1 28 3
11 1 262 3
11 1 160 4
11 1 20 4
11 1 263 3
11 1 654 4
11 0 495 -1
12 1 86 2
12 1 194 2
12 1 650 2
12 1 649 4
12 1 652 2
12 0 624 -1
13 1 64 2
13 1 265 2
13 1 65 4
13 1 311 4
13 0 496 -1
14 1 64 1
14 1 65 4
14 0 496 -1
15 1 463 1
15 1 462 3
15 0 497 -1
16 1 266 2
16 1 106 3
16 1 196 3
16 0 498 -1
17 1 106 2
17 1 196 3
17 0 498 -1
18 1 196 2
18 1 197 2
18 1 198 2
18 0 498 -1
19 1 32 2
19 1 67 2
19 1 164 2
19 1 639 3
19 1 715 3
19 1 716 3
19 1 719 4
19 1 1379 4
19 1 717 3
19 0 499 -1
20 1 87 3
20 1 88 3
20 1 104 3
20 1 267 3
20 1 268 3
20 1 269 3
20 1 270 3
20 1 407 3
20 1 408 3
20 0 500 -1
21 1 271 1
21 1 16 2
21 1 413 2
21 1 414 3
21 0 502 -1
22 1 68 1
22 0 502 -1
23 1 900 1
23 1 902 1
23 1 200 2
23 1 201 2
23 1 601 2
23 1 899 3
23 1 903 3
23 1 593 3
23 1 199 4
23 1 594 4
23 1 901 2
23 1 544 2
23 1 597 2
23 1 749 3
23 1 917 3
23 1 919 3
23 1 1333 4
23 1 634 2
23 1 687 2
23 1 698 2
23 1 1290 3
23 1 700 2
23 1 704 2
23 1 705 2
23 1 1109 2
23 1 1112 2
23 1 1141 2
23 1 1197 2
23 1 1256 2
23 1 1259 2
23 1 1272 2
23 1 1289 2
23 0 892 -1
24 1 46 2
24 1 47 2
24 1 92 3
24 0 756 -1
25 1 213 2
25 1 212 3
25 1 214 3
25 1 215 3
25 1 216 3
25 1 276 3
25 1 277 3
25 1 426 3
25 1 427 3
25 0 511 -1
26 1 145 1
26 1 611 1
26 1 376 2
26 1 406 2
26 1 565 2
26 1 1076 2
26 0 511 -1
27 1 224 2
27 1 278 3
27 1 428 3
27 0 512 -1
28 1 224 3
28 1 279 3
28 0 512 -1
29 1 250 2
29 1 514 2
29 1 609 2
29 1 225 3
29 1 793 3
29 1 464 4
29 1 465 4
29 1 612 2
29 1 466 4
29 0 513 -1
30 1 225 2
30 1 464 2
30 1 514 2
30 1 466 3
30 1 609 3
30 1 612 3
30 1 793 4
30 0 513 -1
31 1 776 4
31 0 751 -1
32 1 465 2
32 1 249 3
32 1 777 3
32 1 778 3
32 1 247 4
32 1 250 4
32 0 752 -1
33 1 252 3
33 1 431 3
33 1 141 4
33 0 516 -1
34 1 252 1
34 1 431 3
34 1 672 3
34 1 714 3
34 1 799 3
34 1 800 3
34 0 516 -1
35 1 166 1
35 1 167 1
35 1 132 3
35 0 517 -1
36 1 169 2
36 1 168 3
36 0 518 -1
37 1 173 2
37 1 188 2
37 1 172 3
37 1 97 3
37 1 121 3
37 1 187 3
37 1 242 3
37 1 409 3
37 1 487 3
37 0 519 -1
38 1 24 2
38 1 283 2
38 1 552 2
38 1 272 3
38 1 557 4
38 1 558 4
38 1 553 2
38 1 554 2
38 1 555 2
38 1 556 2
38 0 536 -1
39 1 272 1
39 1 555 1
39 1 24 2
39 1 283 2
39 1 552 2
39 1 79 3
39 1 207 3
39 1 418 3
39 1 557 4
39 1 554 2
39 1 556 2
39 1 505 3
39 1 1257 3
39 0 536 -1
40 1 24 2
40 1 283 2
40 1 552 2
40 1 272 3
40 1 85 3
40 1 976 3
40 1 557 4
40 1 558 4
40 1 553 2
40 1 554 2
40 1 555 2
40 1 556 2
40 0 536 -1
41 1 288 1
41 1 289 1
41 1 433 2
41 0 520 -1
42 1 468 2
42 1 467 3
42 1 469 3
42 1 470 3
42 1 775 4
42 0 521 -1
43 1 467 1
43 1 468 1
43 1 39 3
43 1 503 3
43 1 775 3
43 1 469 1
43 0 521 -1
44 1 302 3
44 1 436 3
44 1 437 4
44 0 524 -1
45 1 305 2
45 1 570 2
45 1 308 3
45 1 481 3
45 1 338 3
45 1 1226 4
45 1 1355 4
45 1 1185 3
45 1 629 3
45 1 663 3
45 1 798 3
45 1 572 3
45 0 525 -1
46 1 305 2
46 1 338 3
46 1 344 3
46 1 481 3
46 1 84 4
46 1 123 4
46 1 1185 4
46 1 623 3
46 1 570 3
46 1 798 3
46 1 1226 4
46 1 629 4
46 1 663 4
46 1 572 4
46 1 1355 4
46 0 525 -1
47 1 304 2
47 1 306 2
47 1 307 2
47 1 305 3
47 1 629 3
47 1 663 3
47 1 308 4
47 1 309 2
47 1 310 2
47 1 570 2
47 1 798 3
47 1 1185 3
47 1 1355 3
47 1 572 2
47 0 525 -1
48 1 439 2
48 1 311 3
48 1 316 3
48 1 440 3
48 1 187 4
48 1 314 4
48 1 315 4
48 1 797 3
48 1 798 3
48 1 794 4
48 1 265 4
48 0 526 -1
49 1 320 3
49 1 478 4
49 0 527 -1
50 1 326 2
50 1 629 2
50 1 21 4
50 1 94 4
50 1 22 4
50 1 306 4
50 0 528 -1
51 1 94 1
51 1 23 2
51 1 105 2
51 1 381 2
51 1 192 3
51 1 326 4
51 1 63 4
51 1 494 2
51 1 629 2
51 1 261 4
51 0 528 -1
52 1 21 2
52 1 22 2
52 1 306 2
52 1 326 4
52 0 528 -1
53 1 296 3
53 1 33 3
53 1 446 4
53 1 447 4
53 1 448 4
53 1 449 4
53 1 208 4
53 1 297 4
53 1 298 4
53 1 299 4
53 0 531 -1
54 1 84 2
54 1 24 3
54 1 101 3
54 1 294 3
54 1 628 4
54 1 661 4
54 1 364 3
54 1 365 3
54 1 560 3
54 0 123 -1
55 1 16 2
55 1 375 2
55 1 460 2
55 1 378 3
55 1 255 3
55 1 271 3
55 1 376 4
55 1 377 4
55 1 562 2
55 1 502 3
55 0 538 -1
56 1 380 2
56 1 749 3
56 1 1339 3
56 1 14 4
56 1 705 4
56 1 779 4
56 1 780 4
56 1 379 4
56 1 643 4
56 1 686 4
56 0 753 -1
57 1 380 2
57 1 593 3
57 1 746 3
57 1 914 3
57 1 14 4
57 1 379 4
57 1 705 4
57 1 779 4
57 1 780 4
57 1 704 4
57 1 12 4
57 1 15 4
57 1 857 4
57 1 859 4
57 0 753 -1
58 1 788 2
58 1 785 3
58 1 786 3
58 1 787 3
58 1 23 4
58 1 381 4
58 1 382 4
58 1 784 4
58 1 789 4
58 0 754 -1
59 1 788 2
59 1 785 3
59 1 786 3
59 1 787 3
59 0 754 -1
60 1 475 2
60 1 476 3
60 1 527 3
60 1 320 4
60 1 478 4
60 0 322 -1
61 1 565 2
61 1 566 2
61 1 564 3
61 1 1159 3
61 1 661 4
61 0 539 -1
62 1 566 1
62 1 567 2
62 1 1084 2
62 1 1078 3
62 1 1081 3
62 0 539 -1
63 1 567 1
63 1 564 3
63 1 566 3
63 0 539 -1
64 1 390 1
64 1 391 2
64 0 627 -1
65 1 2 2
65 1 3 2
65 1 128 2
65 1 180 3
65 1 323 3
65 1 324 3
65 1 418 4
65 1 664 2
65 1 629 2
65 1 393 3
65 1 394 3
65 1 659 3
65 1 4 3
65 1 384 3
65 1 1302 3
65 0 388 -1
66 1 664 2
66 1 629 2
66 1 180 3
66 1 659 3
66 1 660 3
66 0 388 -1
67 1 2 1
67 1 3 1
67 1 664 2
67 1 629 2
67 1 323 3
67 1 324 3
67 1 393 3
67 1 128 1
67 1 180 1
67 1 394 3
67 1 659 3
67 1 389 3
67 1 4 3
67 1 1302 3
67 0 388 -1
68 1 662 2
68 1 101 3
68 1 460 3
68 1 661 3
68 1 62 3
68 0 628 -1
69 1 458 2
69 1 570 2
69 1 977 3
69 1 62 3
69 1 336 4
69 0 540 -1
70 1 333 1
70 1 568 2
70 1 570 2
70 1 62 2
70 1 101 3
70 1 283 3
70 1 565 3
70 1 24 4
70 1 977 3
70 1 307 3
70 0 540 -1
71 1 569 1
71 1 571 1
71 1 1355 2
71 1 101 3
71 1 655 3
71 1 1213 3
71 1 798 4
71 1 572 1
71 0 540 -1
72 1 21 2
72 1 324 2
72 1 630 2
72 1 94 3
72 1 664 3
72 1 304 3
72 1 128 4
72 1 323 4
72 1 663 4
72 1 570 3
72 1 494 3
72 1 305 4
72 1 309 4
72 1 571 4
72 1 655 4
72 1 388 4
72 1 62 4
72 0 629 -1
73 1 332 2
73 1 572 2
73 1 578 2
73 1 573 3
73 1 574 3
73 1 421 3
73 1 25 4
73 1 317 4
73 1 577 4
73 1 401 2
73 1 625 2
73 1 160 3
73 1 1213 3
73 1 1304 3
73 1 1198 4
73 1 655 4
73 1 1355 4
73 1 68 3
73 1 571 3
73 1 1252 3
73 0 541 -1
74 1 576 2
74 1 656 2
74 1 575 3
74 1 317 4
74 1 574 4
74 1 578 4
74 0 541 -1
75 1 667 2
75 1 324 3
75 1 378 3
75 1 666 3
75 1 670 3
75 0 630 -1
76 1 378 2
76 1 667 2
76 1 324 3
76 1 666 3
76 1 670 3
76 1 1391 3
76 1 329 3
76 0 630 -1
77 1 668 2
77 1 666 3
77 1 667 3
77 1 670 3
77 1 329 4
77 1 1391 4
77 0 630 -1
78 1 588 2
78 1 589 3
78 1 590 3
78 0 543 -1
79 1 597 3
79 1 598 3
79 1 688 4
79 1 708 4
79 1 713 4
79 0 544 -1
80 1 594 1
80 1 597 1
80 1 596 3
80 1 598 3
80 0 544 -1
81 1 672 1
81 1 799 4
81 0 631 -1
82 1 676 2
82 1 677 2
82 1 678 3
82 1 679 3
82 1 205 3
82 0 632 -1
83 1 680 2
83 1 681 2
83 1 682 2
83 1 683 2
83 0 633 -1
84 1 606 2
84 1 406 2
84 1 608 3
84 1 142 3
84 1 294 3
84 1 354 4
84 1 522 4
84 1 962 3
84 1 1192 3
84 1 1213 3
84 1 873 4
84 0 546 -1
85 1 608 1
85 1 406 2
85 1 606 3
85 1 710 3
85 0 546 -1
86 1 594 3
86 1 790 3
86 0 755 -1
87 1 606 2
87 1 611 2
87 1 562 3
87 1 50 4
87 1 236 4
87 1 609 4
87 1 612 4
87 1 406 4
87 0 547 -1
88 1 613 2
88 1 614 2
88 1 615 2
88 1 616 3
88 1 617 3
88 1 618 4
88 0 548 -1
89 1 793 2
89 1 794 2
89 1 797 3
89 1 795 4
89 1 796 4
89 1 420 4
89 0 757 -1
90 1 794 2
90 1 797 2
90 1 798 2
90 1 793 3
90 1 796 3
90 1 291 3
90 1 800 4
90 1 1187 4
90 1 256 2
90 1 311 3
90 1 335 3
90 1 1364 3
90 1 1367 4
90 0 757 -1
91 1 252 2
91 1 801 2
91 1 797 3
91 1 799 3
91 1 800 3
91 1 793 4
91 1 794 4
91 1 1154 3
91 1 672 4
91 0 757 -1
92 1 802 2
92 1 803 2
92 1 808 3
92 1 809 3
92 1 811 3
92 1 804 4
92 1 805 4
92 1 806 4
92 1 253 3
92 1 1247 3
92 1 807 4
92 1 810 4
92 1 1243 4
92 0 758 -1
93 1 691 3
93 0 635 -1
94 1 24 1
94 1 283 3
94 1 294 3
94 1 559 3
94 1 689 4
94 1 690 4
94 1 101 4
94 1 1393 3
94 1 354 4
94 1 1104 4
94 1 1161 4
94 1 1395 4
94 0 635 -1
95 1 283 1
95 1 662 4
95 0 635 -1
96 1 703 3
96 1 704 3
96 1 705 3
96 1 698 4
96 1 699 4
96 1 700 4
96 1 1289 3
96 1 779 3
96 1 701 4
96 1 702 4
96 1 706 4
96 1 792 4
96 1 1339 4
96 0 637 -1
97 1 699 3
97 1 700 3
97 1 701 3
97 1 698 4
97 1 1289 4
97 1 702 3
97 1 703 3
97 1 779 3
97 1 1339 4
97 1 681 3
97 0 637 -1
98 1 713 2
98 1 708 4
98 1 709 4
98 1 711 4
98 1 712 4
98 0 638 -1
99 1 717 2
99 1 719 2
99 1 1001 3
99 1 1379 3
99 0 639 -1
100 1 821 2
100 1 822 2
100 1 824 2
100 1 820 3
100 1 823 3
100 1 825 3
100 1 1122 2
100 1 1051 3
100 1 1121 3
100 0 760 -1
101 1 817 2
101 1 818 2
101 1 819 2
101 1 820 3
101 1 825 3
101 1 824 2
101 0 760 -1
102 1 728 1
102 1 913 2
102 1 910 3
102 1 911 4
102 0 729 -1
103 1 826 3
103 1 828 3
103 0 761 -1
104 1 833 3
104 1 834 3
104 1 835 3
104 1 836 3
104 1 837 3
104 0 762 -1
105 1 848 3
105 1 844 4
105 1 845 4
105 1 846 4
105 1 847 4
105 0 764 -1
106 1 847 2
106 1 846 3
106 1 849 3
106 1 844 4
106 1 845 4
106 0 764 -1
107 1 725 2
107 1 728 2
107 1 729 3
107 1 911 3
107 1 720 4
107 1 75 4
107 1 909 4
107 0 640 -1
108 1 724 2
108 1 726 2
108 1 727 2
108 1 75 3
108 1 909 3
108 1 720 4
108 1 723 4
108 0 640 -1
109 1 860 1
109 1 861 1
109 1 606 3
109 1 980 3
109 1 12 3
109 0 766 -1
110 1 862 1
110 1 863 1
110 1 31 3
110 1 1174 4
110 0 766 -1
111 1 15 2
111 1 391 2
111 1 864 2
111 1 914 3
111 1 392 3
111 1 627 3
111 1 658 3
111 0 894 -1
112 1 731 3
112 1 730 4
112 0 641 -1
113 1 746 3
113 1 748 3
113 1 749 3
113 1 265 3
113 0 643 -1
114 1 919 1
114 1 916 2
114 1 920 3
114 1 921 3
114 0 895 -1
115 1 51 2
115 1 185 2
115 1 878 3
115 1 874 4
115 0 184 -1
116 1 922 1
116 1 360 3
116 1 605 3
116 1 927 3
116 1 492 4
116 0 896 -1
117 1 360 2
117 1 605 3
117 0 896 -1
118 1 923 2
118 1 924 3
118 1 925 3
118 0 896 -1
119 1 926 4
119 0 897 -1
120 1 829 2
120 1 887 2
120 1 890 2
120 1 885 3
120 1 886 3
120 1 888 3
120 1 889 4
120 1 1146 2
120 1 891 3
120 0 769 -1
121 1 885 1
121 1 886 1
121 1 1146 2
121 1 887 1
121 1 888 1
121 1 890 1
121 1 891 1
121 0 769 -1
122 1 931 4
122 1 932 2
122 1 934 4
122 1 935 4
122 1 936 2
122 1 937 2
122 1 938 2
122 1 957 3
122 1 1131 3
122 0 898 -1
123 1 966 2
123 1 967 3
123 0 941 -1
124 1 967 2
124 1 968 2
124 1 964 3
124 1 965 3
124 0 941 -1
125 1 969 2
125 1 970 2
125 1 971 2
125 1 187 3
125 1 973 3
125 1 173 3
125 1 974 4
125 1 177 4
125 1 972 2
125 1 174 2
125 1 997 2
125 1 176 3
125 1 409 3
125 1 946 3
125 1 992 3
125 1 994 3
125 1 995 3
125 0 942 -1
126 1 974 2
126 1 1326 2
126 1 187 3
126 1 969 3
126 1 970 3
126 1 971 3
126 1 972 3
126 1 973 3
126 0 942 -1
127 1 101 2
127 1 164 2
127 1 981 3
127 1 982 4
127 1 983 4
127 0 944 -1
128 1 985 3
128 1 990 3
128 0 945 -1
129 1 985 2
129 1 987 2
129 1 984 3
129 1 988 3
129 1 989 3
129 1 986 4
129 1 990 3
129 0 945 -1
130 1 766 2
130 1 858 3
130 1 859 3
130 1 1008 3
130 1 12 3
130 0 948 -1
131 1 1014 2
131 1 1020 2
131 1 1013 3
131 1 1016 3
131 1 1017 3
131 1 1012 4
131 1 1018 3
131 1 1019 3
131 0 950 -1
132 1 1014 1
132 1 1013 3
132 1 1015 3
132 1 1016 3
132 1 1012 4
132 1 1018 4
132 1 1019 4
132 1 1017 3
132 1 951 3
132 1 1023 3
132 1 1020 4
132 1 952 4
132 1 1024 4
132 1 1025 3
132 1 1026 3
132 0 950 -1
133 1 1020 1
133 1 1018 2
133 1 1019 2
133 1 1024 3
133 1 1012 4
133 1 1016 4
133 1 1022 4
133 0 950 -1
134 1 1027 2
134 1 1028 3
134 0 951 -1
135 1 1018 1
135 1 1017 4
135 1 1023 4
135 1 1024 4
135 1 1025 4
135 1 1026 4
135 1 950 4
135 1 1016 4
135 0 951 -1
136 1 1021 1
136 1 1022 4
136 1 1034 4
136 0 951 -1
137 1 1029 2
137 1 1034 3
137 1 951 3
137 1 1021 3
137 0 952 -1
138 1 846 1
138 1 1036 1
138 0 953 -1
139 1 1031 2
139 1 1032 2
139 1 1035 2
139 1 1037 4
139 0 953 -1
140 1 1038 1
140 1 1039 1
140 1 1041 2
140 1 1042 2
140 1 1043 4
140 1 1044 4
140 0 954 -1
141 1 1038 1
141 1 1041 1
141 1 1043 2
141 1 1044 2
141 1 1039 3
141 1 1042 3
141 0 954 -1
142 1 1042 1
142 0 954 -1
143 1 1043 1
143 1 1044 1
143 0 954 -1
144 1 840 2
144 1 1045 2
144 1 763 3
144 1 838 3
144 1 839 3
144 1 841 3
144 0 955 -1
145 1 763 2
145 1 838 2
145 1 839 2
145 1 1045 3
145 1 743 3
145 1 852 4
145 1 841 2
145 0 955 -1
146 1 840 1
146 1 1045 3
146 0 955 -1
147 1 889 3
147 1 1046 3
147 1 1048 3
147 1 1047 4
147 1 1049 4
147 1 1051 4
147 1 1050 3
147 1 843 3
147 1 926 4
147 1 822 4
147 0 956 -1
148 1 889 2
148 1 1048 2
148 1 1050 2
148 1 1046 3
148 1 1049 3
148 1 843 3
148 0 956 -1
149 1 1057 3
149 1 1058 3
149 1 1059 3
149 1 1052 4
149 1 930 3
149 1 931 3
149 1 934 3
149 1 936 3
149 1 937 3
149 1 938 3
149 1 1131 3
149 0 957 -1
150 1 1074 3
150 1 1075 3
150 0 1062 -1
151 1 687 2
151 1 1076 2
151 1 1074 3
151 1 1075 4
151 1 1077 4
151 0 1062 -1
152 1 1076 1
152 1 1077 3
152 1 569 3
152 1 572 3
152 1 687 4
152 1 655 3
152 0 1062 -1
153 1 1078 3
153 1 1083 3
153 1 1084 3
153 1 1080 4
153 1 1081 4
153 1 1082 4
153 1 1085 3
153 0 1063 -1
154 1 1087 2
154 1 1088 3
154 0 1063 -1
155 1 1103 1
155 1 1100 2
155 1 983 3
155 1 1101 3
155 1 1104 3
155 1 1099 4
155 0 1065 -1
156 1 983 1
156 1 1102 1
156 1 1097 2
156 1 1100 2
156 1 274 2
156 1 1096 3
156 1 1098 3
156 1 1099 3
156 1 1103 4
156 1 982 4
156 1 1104 1
156 1 553 2
156 1 1101 3
156 1 82 3
156 0 1065 -1
157 1 273 2
157 1 1105 2
157 1 1106 2
157 1 93 3
157 1 161 3
157 1 302 3
157 1 122 4
157 1 666 4
157 1 1107 2
157 1 556 2
157 1 25 2
157 1 1011 3
157 1 19 3
157 1 35 3
157 1 1355 4
157 1 372 2
157 1 410 2
157 1 456 2
157 1 36 3
157 1 44 3
157 1 215 3
157 1 626 2
157 1 1151 2
157 1 354 3
157 1 369 3
157 1 370 3
157 1 421 3
157 1 557 3
157 1 605 3
157 1 655 3
157 1 657 3
157 1 689 3
157 1 1307 3
157 1 318 3
157 1 423 3
157 1 1304 3
157 1 160 3
157 1 482 3
157 1 572 3
157 0 1006 -1
158 1 302 1
158 1 1011 1
158 1 552 2
158 1 998 3
158 1 1009 3
158 1 1010 3
158 1 273 4
158 1 556 4
158 0 1006 -1
159 1 234 3
159 1 1108 3
159 1 1110 3
159 1 1114 4
159 1 1115 4
159 1 1111 3
159 1 1112 3
159 1 231 3
159 0 1066 -1
160 1 1134 3
160 1 1137 3
160 1 1138 3
160 1 1135 4
160 1 1136 4
160 0 1071 -1
161 1 54 2
161 1 1386 2
161 1 562 3
161 1 336 3
161 1 55 4
161 1 996 4
161 0 489 -1
162 1 111 1
162 1 155 1
162 1 460 2
162 1 461 2
162 1 54 3
162 1 562 3
162 1 458 1
162 1 459 1
162 0 489 -1
163 1 20 3
163 1 56 3
163 1 57 3
163 0 492 -1
164 1 311 2
164 1 415 3
164 1 416 3
164 1 798 3
164 1 316 4
164 1 335 4
164 1 1364 3
164 1 1367 3
164 0 503 -1
165 1 71 1
165 1 72 1
165 0 504 -1
166 1 40 2
166 1 41 2
166 1 74 2
166 1 207 2
166 1 272 2
166 1 418 2
166 1 170 2
166 1 1264 2
166 0 504 -1
167 1 274 2
167 1 82 3
167 0 509 -1
168 1 217 1
168 1 774 1
168 0 750 -1
169 1 118 1
169 1 157 1
169 1 774 1
169 1 775 1
169 0 750 -1
170 1 139 2
170 1 238 2
170 1 239 3
170 1 904 3
170 1 906 3
170 1 672 3
170 0 893 -1
171 1 252 1
171 1 431 1
171 1 141 4
171 0 516 -1
172 1 320 1
172 1 321 1
172 1 322 3
172 1 476 3
172 0 527 -1
173 1 367 1
173 1 451 1
173 0 532 -1
174 1 58 1
174 1 411 1
174 1 36 2
174 1 423 4
174 1 482 1
174 0 533 -1
175 1 351 2
175 1 966 2
175 1 967 2
175 1 964 3
175 1 965 3
175 0 941 -1
176 1 582 1
176 1 583 1
176 1 584 3
176 1 585 3
176 1 978 4
176 1 586 1
176 1 982 1
176 0 542 -1
177 1 588 2
177 1 589 2
177 1 592 3
177 1 772 3
177 1 590 4
177 0 543 -1
178 1 591 1
178 1 590 3
178 1 588 4
178 1 589 4
178 0 543 -1
179 1 680 3
179 1 681 3
179 1 682 3
179 1 683 3
179 0 633 -1
180 1 622 2
180 1 619 3
180 1 620 3
180 1 621 3
180 1 617 4
180 1 616 4
180 1 1150 4
180 0 548 -1
181 1 973 2
181 1 974 2
181 1 409 2
181 1 997 3
181 1 1061 3
181 0 942 -1
182 1 685 1
182 1 686 3
182 0 634 -1
183 1 803 1
183 1 808 1
183 1 802 2
183 1 807 3
183 1 811 3
183 1 253 3
183 1 804 4
183 1 805 4
183 1 806 4
183 1 809 1
183 1 810 4
183 1 1243 4
183 1 1247 4
183 0 758 -1
184 1 32 3
184 1 67 3
184 1 715 3
184 1 717 4
184 1 716 3
184 1 499 3
184 1 1379 3
184 0 639 -1
185 1 858 2
185 1 859 2
185 1 857 2
185 1 1008 3
185 1 856 3
185 1 15 4
185 1 285 4
185 1 894 4
185 1 766 2
185 0 948 -1
186 1 1309 3
186 1 1378 3
186 1 923 3
186 1 161 4
186 1 421 4
186 1 1377 4
186 1 924 3
186 1 1062 3
186 1 1074 3
186 1 1379 4
186 1 1380 4
186 1 1075 3
186 1 225 3
186 1 1280 3
186 1 1305 3
186 1 1304 3
186 0 1188 -1
187 1 838 3
187 1 839 3
187 1 840 3
187 1 743 4
187 1 842 3
187 1 1045 3
187 0 763 -1
188 1 721 2
188 1 722 2
188 1 723 2
188 1 75 3
188 1 909 3
188 1 724 4
188 1 726 4
188 1 725 2
188 1 728 2
188 1 729 2
188 1 911 2
188 0 640 -1
189 1 395 2
189 1 866 2
189 1 869 2
189 1 865 3
189 1 868 3
189 1 870 3
189 1 867 4
189 1 872 3
189 1 873 3
189 0 767 -1
190 1 15 1
190 1 391 1
190 1 285 2
190 1 390 3
190 1 864 3
190 0 894 -1
191 1 914 1
191 1 915 1
191 1 285 2
191 1 857 2
191 1 858 2
191 1 15 3
191 1 391 3
191 1 856 3
191 1 390 4
191 1 1008 4
191 1 948 3
191 1 864 3
191 1 658 3
191 0 894 -1
192 1 733 1
192 1 734 1
192 1 735 1
192 1 736 1
192 0 641 -1
193 1 730 3
193 1 422 3
193 1 648 3
193 1 731 4
193 1 733 4
193 1 734 4
193 1 1392 3
193 1 735 4
193 1 736 4
193 0 641 -1
194 1 739 2
194 1 740 2
194 1 742 2
194 1 744 3
194 1 741 4
194 1 743 2
194 0 642 -1
195 1 739 3
195 1 742 3
195 1 743 3
195 0 642 -1
196 1 51 2
196 1 185 2
196 1 874 2
196 1 878 3
196 1 879 3
196 1 880 3
196 1 12 4
196 1 875 2
196 1 876 2
196 1 202 3
196 1 746 3
196 1 13 3
196 0 184 -1
197 1 881 2
197 1 883 3
197 1 884 3
197 0 768 -1
198 1 887 2
198 1 888 2
198 1 889 2
198 1 843 3
198 0 769 -1
199 1 1052 1
199 1 1053 1
199 1 1054 2
199 1 1055 2
199 1 1056 2
199 1 1060 2
199 1 743 2
199 1 744 2
199 0 957 -1
200 1 1134 2
200 1 1137 2
200 1 1138 2
200 0 1071 -1
201 1 552 2
201 1 625 2
201 1 1296 2
201 1 93 3
201 1 1151 3
201 1 401 3
201 1 110 4
201 1 1391 4
201 1 423 4
201 1 541 3
201 1 1295 3
201 1 318 3
201 1 1304 4
201 1 160 4
201 1 369 4
201 1 482 4
201 0 1140 -1
202 1 1303 2
202 1 1304 2
202 1 1309 2
202 1 1306 3
202 1 1308 3
202 1 605 3
202 1 602 4
202 1 603 4
202 1 604 4
202 1 1110 2
202 1 1305 4
202 1 1310 4
202 1 48 4
202 1 232 4
202 0 1285 -1
203 1 58 3
203 1 1305 3
203 1 1306 3
203 1 602 4
203 1 603 4
203 1 604 4
203 1 1307 3
203 1 1310 3
203 1 19 3
203 1 232 4
203 1 323 4
203 1 688 4
203 1 122 3
203 1 1188 4
203 0 1285 -1
204 1 572 2
204 1 1311 2
204 1 63 3
204 1 540 3
204 1 602 4
204 1 603 4
204 1 604 4
204 1 1305 4
204 1 1188 4
204 1 307 4
204 1 1213 4
204 1 655 4
204 1 1355 4
204 1 68 4
204 0 1285 -1
205 1 1321 2
205 1 1322 2
205 0 1287 -1
206 1 1338 2
206 1 1341 2
206 1 1340 3
206 0 1290 -1
207 1 1338 2
207 1 1339 2
207 1 1340 3
207 1 1341 3
207 1 879 4
207 0 1290 -1
208 1 163 3
208 1 1344 3
208 1 1345 3
208 1 164 4
208 1 1347 4
208 1 1346 3
208 0 1291 -1
209 1 1351 2
209 1 1356 2
209 1 1350 3
209 1 187 3
209 1 487 3
209 1 45 4
209 1 55 4
209 1 316 4
209 1 1383 3
209 1 1385 3
209 1 1106 4
209 1 1228 4
209 0 1292 -1
210 1 1171 2
210 1 891 3
210 1 1172 3
210 1 1173 3
210 1 1030 4
210 1 1174 3
210 0 1145 -1
211 1 891 2
211 1 1172 2
211 1 1173 3
211 1 1174 3
211 1 763 3
211 1 769 4
211 1 1030 4
211 1 1031 4
211 1 1033 4
211 1 1052 4
211 1 1068 4
211 0 1145 -1
212 1 888 2
212 1 889 2
212 1 1178 2
212 1 885 3
212 1 887 3
212 1 886 3
212 1 841 4
212 1 1176 4
212 1 1177 4
212 1 890 3
212 1 769 3
212 1 891 3
212 1 1173 3
212 1 843 3
212 0 1146 -1
213 1 888 1
213 1 885 2
213 1 887 2
213 1 889 2
213 1 1178 3
213 1 769 3
213 1 1173 3
213 1 1177 4
213 1 886 3
213 1 890 3
213 1 843 3
213 0 1146 -1
214 1 833 3
214 1 1361 3
214 1 1362 3
214 1 1363 3
214 0 1294 -1
215 1 37 4
215 1 35 4
215 0 535 -1
216 1 156 1
216 0 506 -1
217 1 666 1
217 1 667 1
217 1 1258 2
217 1 1394 2
217 1 668 3
217 1 670 3
217 1 1204 3
217 1 1391 4
217 1 1395 1
217 1 1300 3
217 1 37 3
217 1 559 3
217 1 630 3
217 1 1107 3
217 1 1213 3
217 0 1191 -1
218 1 24 1
218 1 101 1
218 1 666 3
218 1 667 3
218 1 93 3
218 1 1258 4
218 1 1393 1
218 1 559 3
218 1 630 3
218 1 662 3
218 1 1104 3
218 1 1107 3
218 1 1204 3
218 1 1213 3
218 1 1300 3
218 0 1191 -1
219 1 1391 1
219 1 666 2
219 1 667 2
219 1 1258 2
219 1 1078 3
219 1 1080 3
219 1 1081 3
219 1 1394 2
219 1 1395 2
219 1 1214 3
219 1 1198 3
219 1 1204 3
219 1 1300 3
219 1 559 3
219 1 630 3
219 1 662 3
219 1 1107 3
219 1 1213 3
219 0 1191 -1
220 1 1383 2
220 1 1385 2
220 1 155 3
220 1 241 3
220 1 1382 3
220 1 1370 4
220 1 1386 4
220 1 111 4
220 1 1384 3
220 1 150 3
220 1 292 3
220 1 458 4
220 1 479 4
220 1 977 4
220 1 376 3
220 1 459 3
220 1 1365 3
220 1 62 3
220 1 1366 3
220 0 1182 -1
221 1 155 2
221 1 1383 2
221 1 1385 2
221 1 1382 3
221 1 62 3
221 1 292 3
221 1 241 4
221 1 1370 4
221 1 1384 4
221 1 458 3
221 1 459 3
221 1 461 3
221 1 1386 4
221 1 1365 3
221 1 1366 3
221 1 111 3
221 1 150 3
221 1 479 3
221 0 1182 -1
222 1 400 3
222 1 419 3
222 1 1387 3
222 1 412 4
222 1 1392 4
222 1 1398 4
222 1 1397 3
222 1 1400 3
222 1 1399 4
222 0 1396 -1
223 1 400 3
223 1 1387 3
223 1 1392 3
223 1 1398 3
223 0 1396 -1
224 1 656 3
224 1 1313 3
224 1 1317 3
224 1 1316 4
224 1 1318 3
224 1 1319 3
224 1 1157 3
224 1 1274 3
224 0 1286 -1
225 1 1379 2
225 1 1305 2
225 1 1304 2
225 1 40 3
225 1 293 3
225 1 1309 3
225 1 161 4
225 1 421 4
225 1 1377 4
225 1 1378 3
225 1 1381 3
225 1 225 3
225 1 1380 4
225 1 448 3
225 1 449 3
225 1 1124 3
225 1 1280 3
225 1 433 3
225 1 923 3
225 1 924 3
225 1 1062 3
225 1 1074 3
225 1 1075 3
225 1 1213 3
225 0 1188 -1
